structure(list(SO2 = c(15.5, 12.3, 5.8, 5.2, 9.3, 8.5, 21.5, 
18.1, 6.2, 5, 4.5, 5.2, 6.4, 10, 9.5, 12.8, 6.7, 4.6, 2.8, 4.5, 
7.5, 3.7, 5.1, 4.2, 12.5, 22.3, 16, 15, 9.3, 7, 6.3, 17.4, 26.7, 
13, 11.3, 7.1, 3.3, 14.3, 4.5, 12.4, 8.9, 12.5, 12.1, 11.4, 9.6, 
12.6, 4.1, 7.7, 21.9, 19.1, 28, 11, 9.8, 13.4, 7.1, 4.1, 6.4, 
11.1, 19.6, 5.9, 7, 7.1, 7.9, 11.1, 15, 15.9, 14.8, 16.4, 20, 
13.3, 2.5, 1.3, 2, 3, 4.3, 5.1, 7.5, 5.5, 12.9, 11.3, 7.1, 7.8, 
12, 7.4, 3.6, 6.2, 3.6, 6.5, 5, 4.8, 7.8, 6.6, 9.9, 11.8, 12.7, 
10.9, 10.1, 8.2, NA, NA, 11.1, 9.1, 7.5, 10.9, 9.1, 9.7, 9.4, 
7.1, 11.7, 10.1, 9, 12.9, 16.4, 10.4, 8.3, 8.4, 4.9, 4.8, 3.7, 
4.1, 5.2, 6.7, 3.8, 4.3, 3.3, 3.5, 3.4, 4.4, 4.2, 3.1, 3.3, 6.2, 
4.3, 4.5, 3.8, 7.5, 3.1, 4.5, 3.8, 2.4, 1.9, 3.8, 2.1, 2.1, 2.8, 
2.1, 2.9, 4.1, 3.1, 3, 3.5, 2.3, 1.6, 1.3, 1.1, 1.2, 1.8, 1.4, 
2, 1.7, 2.9, 1.6, 1.2, 1.6, 1.5, 1.3, 1.7, 1.7, 3.9, 2, 2, 1.9, 
1.8, 2, 2.7, 1.9, 3.2, 3.1, 1.5, 1.6, 2.2, 2.5, 2.7, 2.4, 4, 
2.6, 2.7, 2.7, 2.4, 2.7, 2.8, 3.4, 3.6, 2.8, 2.9, 2.6, 3.3, 3.9, 
2.8, 2.5, 2.6, 2.7, 2.6, 2.7, 2.6, 2.5, 2.3, 2.1, 2.4, 1.2, 2.5, 
3.3, 3, 3.1, 2.8, 2.6, 2.8, 2.8, 2.9, 2.8, 2.6, 2.7, 2.8, 3.7, 
3.3, 2.6, 2.6, 2.7, 2.5, 2.6, 2.5, 2.9, 2.6, 2.2, 2, 1.9, 1.8, 
2.7, 2.3, 2.2, 2.3, 1.8, 2.3, 2.7, 2.4, 2, 2.7, 2.8, 2.4, 2.8, 
2.8, 4.6, 3, 2.3, 2.6, 2.3, 2.4, 2.8, 2.3, 3.2, 3.5, 2.4, 2.7, 
4.6, 3.5, 3.9, 4.9, 3.3, 2.6, 3.2, 3.9, 4.7, 4.4, 4.2, 6.2, 4.3, 
3.4, 5.4, 3.2, 2.6, 5.1, 4.6, 4.3, 4.5, 3.4, 7.7, 4.1, 3.6, 3.8, 
3.6, 7.2, 6.2, 5.6, 5.7, 8.2, 6, 9.6, 7.3, 8.6, 4.7, 4.3, 7.4, 
12.6, 5, 7.5, 14.8, 13.1, 18.9, 11.3, 12.3, 11, 5.7, 6.3, 5.6, 
5.4, 7.9, 14.5, 6.4, 5.6, 6.3, 8.2, 3.2, 3.4, 4.4, 5.6, 11, 6, 
9.5, 10.4, 12.1, 9.1, 12.7, 7, 5.8, 4.4, 7.6, 10.9, 11.2, 11, 
13.3, 11.9, 7.6, 6.3, 8.4, 9.8, 7.3, 5.8, 10.2, 23.3, 15.1, 11.2, 
10.9, 10.4, 9, 10.9, 5.7, 7.8, 11, 14.6, 6.5, 11.6, 9.7, 5, 6.2, 
14.2), NO2 = c(23L, 27L, 16L, 13L, 26L, 23L, 51L, 46L, 21L, 18L, 
13L, 22L, 47L, 60L, 49L, 76L, 38L, 24L, 15L, 20L, 33L, 17L, 19L, 
20L, 25L, 46L, 53L, 41L, 54L, 28L, 28L, 51L, 61L, 56L, 57L, 30L, 
12L, 27L, 13L, 35L, 40L, 40L, 47L, 72L, 55L, 30L, 10L, 29L, 50L, 
39L, 61L, 56L, 44L, 46L, 35L, 34L, 41L, 39L, 39L, 27L, 48L, 36L, 
40L, 41L, 45L, 46L, 43L, 55L, 56L, 43L, 20L, 22L, 15L, 11L, 12L, 
14L, 22L, 22L, 54L, 54L, 28L, 35L, 52L, 39L, 34L, 37L, 24L, 19L, 
17L, 21L, 15L, 22L, 22L, 20L, 20L, 12L, 24L, 21L, 23L, 55L, 52L, 
38L, 26L, 28L, 32L, 36L, 28L, 15L, 26L, 22L, 22L, 40L, 51L, 47L, 
44L, 38L, 36L, 30L, 22L, 28L, 35L, 25L, 15L, 32L, 26L, 35L, 26L, 
26L, 35L, 19L, 21L, 40L, 36L, 43L, 38L, 37L, 19L, 30L, 40L, 21L, 
28L, 15L, 10L, 14L, 31L, 28L, 19L, 31L, 38L, 36L, 15L, 37L, 37L, 
43L, 15L, 16L, 27L, 20L, 13L, 11L, 17L, 20L, 31L, 29L, 27L, 23L, 
21L, 22L, 36L, 39L, 30L, 21L, 25L, 29L, 32L, 29L, 42L, 52L, 20L, 
23L, 35L, 28L, 19L, 14L, 32L, 26L, 38L, 36L, 35L, 21L, 20L, 34L, 
27L, 23L, 27L, 25L, 37L, 42L, 31L, 19L, 28L, 35L, 25L, 34L, 11L, 
21L, 13L, 23L, 27L, 28L, 28L, 38L, 19L, 31L, 34L, 30L, 43L, 34L, 
28L, 29L, 35L, 31L, 33L, 59L, 37L, 21L, 23L, 21L, 24L, 13L, 11L, 
13L, 21L, 22L, 22L, 33L, 46L, 28L, 38L, 39L, 24L, 27L, 47L, 60L, 
38L, 19L, 36L, 31L, 14L, 21L, 22L, 32L, 16L, 17L, 21L, 13L, 27L, 
30L, 24L, 42L, 35L, 21L, 21L, 41L, 32L, 41L, 37L, 39L, 28L, 22L, 
26L, 28L, 21L, 30L, 40L, 36L, 37L, 45L, 26L, 10L, 15L, 16L, 11L, 
7L, 28L, 38L, 18L, 16L, 27L, 27L, 29L, 30L, 37L, 28L, 36L, 30L, 
32L, 25L, 42L, 30L, 29L, 39L, 45L, 30L, 44L, 66L, 73L, 69L, 51L, 
54L, 48L, 25L, 42L, 22L, 16L, 32L, 59L, 21L, 16L, 31L, 39L, 20L, 
30L, 42L, 40L, 37L, 36L, 56L, 67L, 46L, 25L, 26L, 20L, 25L, 21L, 
40L, 52L, 61L, 39L, 40L, 49L, 35L, 31L, 56L, 52L, 31L, 24L, 55L, 
61L, 37L, 41L, 35L, 39L, 39L, 37L, 28L, 48L, 49L, 30L, 15L, 46L, 
36L, 17L, 21L, 43L), NOx = c(33L, 55L, 21L, 16L, 38L, 48L, 130L, 
105L, 29L, 27L, 16L, 32L, 158L, 249L, 202L, 478L, 116L, 32L, 
19L, 31L, 64L, 38L, 54L, 39L, 38L, 97L, 174L, 75L, 150L, 49L, 
41L, 168L, 231L, 218L, 171L, 42L, 13L, 38L, 15L, 52L, 70L, 84L, 
158L, 434L, 289L, 98L, 11L, 93L, 124L, 60L, 271L, 171L, 157L, 
103L, 88L, 53L, 92L, 95L, 86L, 40L, 153L, 66L, 94L, 86L, 120L, 
173L, 159L, 220L, 227L, 84L, 26L, 30L, 16L, 12L, 14L, 17L, 24L, 
33L, 161L, 197L, 72L, 121L, 169L, 127L, 63L, 102L, 34L, 26L, 
23L, 29L, 20L, 32L, 32L, 25L, 24L, 13L, 34L, 27L, 71L, 216L, 
174L, 78L, 69L, 42L, 42L, 61L, 46L, 19L, 39L, 28L, 27L, 111L, 
106L, 113L, 83L, 70L, 94L, 42L, 43L, 76L, 60L, 42L, 29L, 69L, 
84L, 65L, 33L, 46L, 53L, 22L, 27L, 77L, 68L, 78L, 98L, 59L, 21L, 
49L, 74L, 26L, 35L, 17L, 12L, 16L, 53L, 48L, 25L, 61L, 81L, 59L, 
17L, 92L, 61L, 83L, 28L, 37L, 40L, 26L, 14L, 12L, 22L, 50L, 43L, 
35L, 42L, 29L, 27L, 41L, 58L, 64L, 49L, 35L, 47L, 41L, 56L, 40L, 
65L, 76L, 27L, 31L, 48L, 36L, 50L, 17L, 51L, 36L, 60L, 72L, 50L, 
27L, 25L, 54L, 39L, 31L, 42L, 36L, 67L, 74L, 53L, 22L, 53L, 62L, 
38L, 51L, 11L, 24L, 14L, 28L, 40L, 36L, 50L, 80L, 59L, 47L, 60L, 
43L, 80L, 78L, 79L, 75L, 49L, 56L, 63L, 87L, 54L, 33L, 26L, 26L, 
30L, 14L, 13L, 16L, 49L, 48L, 48L, 84L, 88L, 105L, 134L, 112L, 
43L, 68L, 134L, 133L, 57L, 23L, 94L, 108L, 19L, 33L, 33L, 86L, 
53L, 20L, 47L, 19L, 38L, 77L, 40L, 144L, 54L, 27L, 28L, 109L, 
128L, 146L, 71L, 73L, 39L, 56L, 103L, 110L, 26L, 171L, 218L, 
182L, 130L, 161L, 83L, 13L, 20L, 20L, 14L, 9L, 46L, 76L, 25L, 
21L, 56L, 50L, 96L, 99L, 62L, 55L, 83L, 52L, 79L, 68L, 226L, 
83L, 42L, 170L, 164L, 45L, 178L, 313L, 430L, 362L, 168L, 119L, 
154L, 49L, 199L, 37L, 27L, 94L, 340L, 40L, 25L, 91L, 136L, 29L, 
49L, 72L, 96L, 88L, 87L, 326L, 467L, 258L, 39L, 50L, 28L, 37L, 
30L, 75L, 197L, 300L, 107L, 80L, 182L, 111L, 87L, 266L, 277L, 
80L, 61L, 274L, 357L, 143L, 182L, 116L, 143L, 185L, 109L, 45L, 
130L, 346L, 97L, 20L, 181L, 70L, 33L, 26L, 195L), NO = c(7L, 
18L, 3L, 2L, 8L, 17L, 53L, 39L, 5L, 6L, 2L, 7L, 73L, 125L, 101L, 
264L, 52L, 5L, 2L, 8L, 21L, 14L, 23L, 13L, 9L, 34L, 80L, 23L, 
63L, 14L, 9L, 77L, 112L, 107L, 75L, 8L, 1L, 7L, 2L, 11L, 20L, 
29L, 73L, 238L, 154L, 44L, 0L, 43L, 49L, 13L, 139L, 76L, 74L, 
38L, 35L, 12L, 33L, 37L, 31L, 9L, 68L, 20L, 36L, 30L, 49L, 83L, 
75L, 108L, 112L, 27L, 4L, 5L, 1L, 1L, 1L, 2L, 2L, 7L, 70L, 93L, 
32L, 56L, 77L, 58L, 19L, 42L, 6L, 5L, 4L, 6L, 4L, 7L, 6L, 3L, 
3L, 1L, 6L, 4L, 31L, 106L, 80L, 27L, 28L, 9L, 6L, 17L, 12L, 3L, 
9L, 4L, 4L, 46L, 36L, 44L, 26L, 21L, 39L, 8L, 14L, 31L, 16L, 
11L, 9L, 24L, 38L, 20L, 5L, 13L, 12L, 2L, 3L, 24L, 21L, 23L, 
39L, 15L, 2L, 13L, 22L, 3L, 5L, 1L, 1L, 1L, 15L, 13L, 4L, 19L, 
29L, 15L, 2L, 36L, 16L, 26L, 8L, 13L, 9L, 4L, 1L, 0L, 3L, 20L, 
8L, 4L, 10L, 3L, 4L, 12L, 15L, 17L, 12L, 9L, 15L, 8L, 16L, 7L, 
15L, 16L, 4L, 5L, 9L, 6L, 21L, 1L, 13L, 6L, 14L, 24L, 10L, 4L, 
3L, 13L, 8L, 5L, 10L, 7L, 20L, 21L, 14L, 2L, 16L, 18L, 8L, 12L, 
0L, 2L, 1L, 3L, 9L, 5L, 14L, 28L, 26L, 10L, 18L, 9L, 24L, 29L, 
33L, 31L, 10L, 16L, 20L, 18L, 11L, 8L, 2L, 3L, 4L, 1L, 1L, 2L, 
19L, 17L, 17L, 33L, 28L, 51L, 63L, 48L, 13L, 27L, 57L, 48L, 12L, 
3L, 38L, 51L, 3L, 8L, 7L, 35L, 24L, 2L, 18L, 4L, 7L, 31L, 11L, 
67L, 12L, 4L, 5L, 45L, 63L, 69L, 22L, 22L, 7L, 23L, 50L, 54L, 
3L, 93L, 117L, 96L, 61L, 76L, 37L, 2L, 3L, 3L, 2L, 1L, 12L, 25L, 
5L, 3L, 19L, 15L, 44L, 45L, 16L, 17L, 31L, 14L, 31L, 28L, 121L, 
35L, 9L, 86L, 78L, 10L, 88L, 163L, 235L, 193L, 77L, 42L, 70L, 
16L, 103L, 10L, 7L, 41L, 184L, 13L, 6L, 40L, 64L, 6L, 12L, 20L, 
36L, 34L, 34L, 177L, 263L, 140L, 9L, 16L, 5L, 8L, 5L, 23L, 95L, 
157L, 44L, 26L, 88L, 50L, 37L, 138L, 148L, 32L, 25L, 144L, 195L, 
70L, 93L, 54L, 68L, 96L, 47L, 11L, 54L, 195L, 44L, 4L, 89L, 22L, 
10L, 3L, 100L),